6616661161 11666666. Ι1665
Belem 48, 24. ’1666616166 66146, 8. 16111161 11616,

1161166116 (166 9111166116) Latino 61 aulici 666661616166, 8166661661
Theodoro, Τ66611611116666111 io- 1166116 criminantur 46, 18. 6166
616116 11111, despondetur 92, 28. elogium 46, 11. patriarchatu 111·

86116 per 1616111 1616 orbem 687, 13, guinimuon 66161661 66661611 reon-
61νὶ116 oum 61161616 compunta 622, 661 55,11. 11611 pro Latino dogmate
10. 66 66 scripti 129, 15. 1116611661.

861166616666161166111166616116666- 1159, 12. 17. 1176, 6.

61116161 6 6116116616 Angeio 616166 81661166 1165, 8.

666116 78, 9. Vide 61 146, 8. 394, 81661166 (1111611. Angelus) 1260, 9.

21. 8666611116 166616 11166 comprehensi
8611616666616666161666661666611811, 714, 20.

45. 863661ϋί666 66616616 876, 11. ,
Beroe 749, 18. 1286, 28. Boeoti 209, 14. 752, 12.
8666666111 (1166616116 1761611166) 8666116 114, 5. 250, 6. 251, 15.

1268, 87. 1114681166. 86661166 61 Thebarum 166161, dieto·
Berengnriuo 8616666, (161611666, 111 Magone Ρ11611661166289,6. porte·

Mngnnn Dux 220, 16. capitur 6 reiron 1116161239, 18.

(1666666166111161611616111161161227, 8611661166 124818.

10. pugnii 6616 1166616116, 6661- 8666 contingentia 988. 24.

111161 288, 15. 8666616661161 1220, 28. 1221, 4.

8. 86166161 dogm 116 1116111616 1810, Borysthenio«, 86, 14.

24. Bosphorus 101, 22. Menneu· 688,
D. Bernartius 6166161616661661234,1. 18.

86116666 498, 10. 654,10. 659, 7. oon-mr} 965, 6.

660, 20. 666, 16. 666, 19. 669, 1. 81161166 1284,27.1264,15.

6666616 6 01616 795, 5. 6166 61616 1111166ῠί in (11111661116616661 689,2.

oure 6661611166 [11666611 0661661666.) Britanniae episcopi 911, 21.

673, 1. 8166616666 1178, 42.

861166666666 iegati, Crnle ini 66 816166 178, 9. 81611 61 016111 6611-
66661116666 proponente, 6661 o· 0161661616 06161160666616682, 1.
16661666 616111 agunt 664, 9. 8111666166 (1116666666) 1157, 28.

866616611111, 6. 1158, 15. 1158, 18.

Bibliotheca Regin 1275, 42. 86166 flor. 26, 19.

8111166 1248, 16. 8616611 116, 8. per interregno· 1116-

81661166 nurnero· 974, 9, 6111661457, 17. 161116Ἴστρ66 890,

Bithyni 16111166 8818. 6661166 111, 10. 8616616166 origo, migratio,
8. Romani 854, 8. . 61 vorin 1611666 26, 20. reo 60, 8.

Bithynia 171, 2. 174, 2. 214, 28 616. 6161611116, Byzantio 6616661166 418,
166111166661166116611116 Torone 4. 86166166 in Thronion irrumpit
140, 18. 65,28,.111166686166616116661, 661616

Bithyniae 616 1661111616 458, 16. nr· 166111611, 61 peren 161 616156, 18.
666401, 19. 6Τ61611 6116661116 884, 8111116116 6166, 6666 61 11166 16111-
11. 61666 26, 10. 66116 nomen oooepe·

8161166 (Petrus) 1224, 2. 1251, 85. 11127, 8. eino 61616 erdriepiroo-

1270,81. 1171,161271.6.1116, 661666616166166666161 1166-
88. iorum Angelum 26, 6.
Bizye 265, 16. , Buignroctonoo. Vide 86611166.
811166 6161 886, 5. 8681611161 (1616661) 1167, 5.
816666166666 1161611661 87, 22. 1661· Byzantii, 161 novolio 6616 6616126,
ploro 180. 14. 171, 21. 778, 24. 16161166 expositi, deopieiontnr 6
87,16.791,17. Venetia, Andronioo 1661611 161661
81666166 principie 6116, 1316116 prime 868, 8. operte 61 61661 exitium
6161208, 4. 06616666666 1661166161 615, 5.
8166611166 (Nicephorion) 1111166616661 4616116 66661661 61161661, 61116-

templo 666161111611611 6661 nuper 61616 661698,18. 166616 inho·

 

