1888

166116 666116, 611166 ’1116616611
sollicitatum 676, 19. 0111116661116-
611 166661 666661611161 677, 10.
698, 4. brithonum frustra 6666-
11 0116661161161 6111692, 10
166 61661166611692, 17. Co-
6616666 61 (1161116666Ιί6 1616-
11116666 6661611708,10. 6661116-
616666116 6661166616161 706, 6. 611-
161611611 6666611116616 16661 166
6116 61 auditu 1611611161 61 6116166
706, 19. 161116 111661111666166616
66666 opprimitur 706, 7. 16661161-
, 11611 6116166116 6666661 comittit
707, 2. 61616611 buddo alvus
6661111 hostibus 666611116116661616,
- 111666116166 6111707, 11. 611116
6616 16666 16161661 70818. 161661-
6611166 61161616 dueum 61 16111166
709, 8. ’61 161 6616 709,17. Mo-
6111116 11611 6671766166
Ρ6111161166 eastra-entur 76115.

mmm-emmas· ρ

6166 1666161 61 61166161 16 «pia
1161161 16611116 1111 61 1616616666
111· 81181111. 1111
661616 6, 1111616 161111 11116111 766,
6. 8616111616 16 1611116666 66616111
01618616 661666161 61 116161616-
1611666 6616666161 Byzantium 6166-
dutum 6611661161 16661616 6666-
161 768, 8. 11616666 1111166166
66ῗ666ξ68916611τ·ωω.’1ι616,111164
6661611 66616 774, 6116166 61
16111616 1666116666 61 111616 66-
1111111118 ’1111111311
111111111111 1111111
66111616661666 1666666611 1661-
11111111111661)1788014814111116611111816411ἲ6ἰ
6611166166 66661111 666 16666·
616116 1661111111 011666116166 6816-
111811 1119111111
8166166666 666 16 ’6. 8661116
11861411ιῖ1716, 61651 aalma& m
rznetrdffitqglnswfflfflfffflg

1111661 11111 1616611666, 661166 61
6661111ιί6661 804,18. 616166 116-
166 61 61166 16611806, 2. 11116-

· 61661666 1161161111

6661 61161,

6161161111 6611111161, 61 16166
6616666616 uxore 1661661166 818,
7. 6161166166 6116 1161111666 6ιί-
6661814, 9. 61611666· 6661 m
16161 814, 2416 61166 16111 819,
16. 616116 6611616616 16161 6611116-
gon 828, 8. 16611616 1161116116 11-
61116 821, 24. 16661166 1611116,
1166661166 66611111 166 16116-
611 61 61661 827, 4. 616 offitii
61666611 666 66111611 161166 66-
161884,6. 16666 66116 16161611
6116666161166 66661616116661-
66616 16611111 886, 18. 6666616
16616666 666166 666111, 16611161
889, 18. 61661161 666611ιί1

842, 12. 616116 66111111 61 6661116,
8616616166 661666 66661661849,
20. 01668616 16661166, 1611616 16116
61 nti 6666161864, 4. 86666166
negligentum 61 1 poam ι
dum antriffiubot 864, 12
666116 616611111611 inm on‘m

6116116166116666 866,19. 0666-
661661, 6661 niun 6161161, 661-

666 161116 61 1611616Ξὲ 24. du-
666 11 66611 ’166616
6666110666 1666611 869, 9. 6116
’11111116,6661616118ι 8876116116ιῦ6ῗῖ
'rhu-*onim 61111, 1166616666

616111 6166166666 876,
modu hemBymtin 161·
111 (1666111661 666666616 6661161
878, 19. (11666166 6611111 616666
161611 666616 866616 6111161 eu
1161611890, 7. 6616161 1666611666
894, 21. 661616ιὶ6 61 16116616 661·
1111 16161 898, 14. miton 161661-

161 898, 20. 666666616866616 616- ,

6166666666, 1. ιαμ..

namq-arm 1611. ..61611 661, ¹

12. 1666116611 16616 17, 28. (116-
ἓωὼ16161661161,ι66ἆ111“1666161
1161116 914168919819,1 9. '‘d—
6166 6111 16661 9116, 8. Ἐἰ Nn:
1616661611 11161166 16661066

‘mmmm

11111· ’11-

28 1616666 {mmmm 984,
8. 1666661166616611161166616·

ὼ. 1

 

